0	0	0
0.005	0	0
0.01	-5.17587E-05	0.000278532
0.015	1.59381E-05	0.000446563
0.02	0.000186837	0.000557003
0.025	0.000532426	0.000450198
0.03	0.001006369	9.17571E-05
0.035	0.001450182	-0.000412228
0.04	0.001618546	-0.00081541
0.045	0.001251526	-0.000838789
0.05	0.000264045	-0.000334164
0.055	-0.001186275	0.000583197
0.06	-0.00269283	0.001506092
0.065	-0.003756377	0.001919823
0.07	-0.00400142	0.001458963
0.075	-0.003398018	0.000163745
0.08	-0.002303652	-0.001477418
0.085	-0.001327569	-0.002686747
0.09	-0.001080478	-0.002798614
0.095	-0.001874238	-0.001578306
0.1	-0.003649351	0.000539754
0.105	-0.005972643	0.002576907
0.11	-0.008335856	0.0033819
0.115	-0.010261763	0.002035033
0.12	-0.01152998	-0.001759343
0.125	-0.012147443	-0.00754743
0.13	-0.01219319	-0.014237668
0.135	-0.011792775	-0.020448752
0.14	-0.011182292	-0.024541289
0.145	-0.010616244	-0.025625416
0.15	-0.010571792	-0.023297098
0.155	-0.011595413	-0.018254941
0.16	-0.01410059	-0.011903457
0.165	-0.018090485	-0.006266639
0.17	-0.02301751	-0.003324055
0.175	-0.02796264	-0.004250853
0.18	-0.031811252	-0.008883275
0.185	-0.033654754	-0.015493048
0.19	-0.033208161	-0.02133136
0.195	-0.030636402	-0.023686668
0.2	-0.026541545	-0.020965227
0.205	-0.021647188	-0.01352382
0.21	-0.016655266	-0.003806918
0.215	-0.012310632	0.004630193
0.22	-0.00949023	0.008499492
0.225	-0.009264445	0.006267125
0.23	-0.012631403	-0.001109515
0.235	-0.020000368	-0.010504644
0.24	-0.03092333	-0.017749991
0.245	-0.043529732	-0.019446715
0.25	-0.055130546	-0.014201307
0.255	-0.063014233	-0.003516264
0.26	-0.064941447	0.009112052
0.265	-0.060418191	0.01951395
0.27	-0.05028208	0.024518352
0.275	-0.036460452	0.023231438
0.28	-0.020717766	0.017125573
0.285	-0.004686116	0.009337649
0.29	0.0112676	0.002503911
0.295	0.026991342	-0.002338633
0.3	0.04258921	-0.006493422
0.305	0.057380115	-0.012915455
0.31	0.070197178	-0.02421294
0.315	0.07953125	-0.040919773
0.32	0.083926939	-0.059484299
0.325	0.082901702	-0.073430406
0.33	0.076304347	-0.075615887
0.335	0.0654285	-0.061413033
0.34	0.051881556	-0.031833648
0.345	0.037983117	0.00519769
0.35	0.026456083	0.036987145
0.355	0.019264913	0.050141553
0.36	0.017346008	0.035911657
0.365	0.019615904	-0.006037803
0.37	0.022699422	-0.066527866
0.375	0.021527652	-0.13048393
0.38	0.011848281	-0.18170368
0.385	-0.00812742	-0.21088193
0.39	-0.03596163	-0.21608523
0.395	-0.064786368	-0.20356814
0.4	-0.086191477	-0.18694121
0.405	-0.092292517	-0.17442439
0.41	-0.08040642	-0.1732897
0.415	-0.053535889	-0.18081658
0.42	-0.019035241	-0.18672665
0.425	0.014011689	-0.18422777
0.43	0.039590057	-0.1704835
0.435	0.056902663	-0.1482566
0.44	0.068997454	-0.12395818
0.445	0.081360688	-0.10336643
0.45	0.096870466	-0.087183419
0.455	0.11464588	-0.06815645
0.46	0.12942986	-0.035630774
0.465	0.13597311	0.018064061
0.47	0.13264271	0.091554732
0.475	0.12271978	0.17121572
0.48	0.11418661	0.23440747
0.485	0.11400365	0.25544387
0.49	0.12434903	0.22604533
0.495	0.1386958	0.14802401
0.5	0.14475	0.045
0.505	0.12829225	-0.049127788
0.51	0.082401166	-0.10313102
0.515	0.011498393	-0.098633007
0.52	-0.068161404	-0.03783763
0.525	-0.13513735	0.058969026
0.53	-0.17160773	0.16188885
0.535	-0.17168975	0.2434154
0.54	-0.14470362	0.28653613
0.545	-0.11032293	0.28923287
0.55	-0.090472662	0.26133251
0.555	-0.09856632	0.21823246
0.56	-0.13290912	0.17578303
0.565	-0.17824861	0.1449631
0.57	-0.21262609	0.13427353
0.575	-0.22007979	0.14789619
0.58	-0.19770838	0.18761125
0.585	-0.15969479	0.2492958
0.59	-0.1318777	0.31912391
0.595	-0.13995386	0.37457238
0.6	-0.19831212	0.38695048
0.605	-0.30036102	0.32910035
0.61	-0.41947124	0.19587174
0.615	-0.52273145	0.002191867
0.62	-0.56658714	-0.21201325
0.625	-0.53365029	-0.39653181
0.63	-0.42449021	-0.50337778
0.635	-0.25737569	-0.52160458
0.64	-0.068290948	-0.45913123
0.645	0.10476881	-0.36160875
0.65	0.23089374	-0.28356761
0.655	0.29205273	-0.26316839
0.66	0.28644809	-0.30960772
0.665	0.22589024	-0.39870244
0.67	0.13206715	-0.48327413
0.675	0.031549351	-0.52301063
0.68	-0.050381101	-0.48246309
0.685	-0.09377486	-0.37898872
0.69	-0.089653344	-0.23441069
0.695	-0.044695674	-0.088063754
0.7	0.020013789	0.032863805
0.705	0.074736064	0.12184243
0.71	0.090715894	0.19151133
0.715	0.054678946	0.26088345
0.72	-0.026288726	0.34020704
0.725	-0.12367016	0.42502732
0.73	-0.20168517	0.49822466
0.735	-0.23294571	0.54240997
0.74	-0.21686125	0.54337696
0.745	-0.18306272	0.51455467
0.75	-0.181	0.4675
0.755	-0.2576703	0.42136673
0.76	-0.43287959	0.37468587
0.765	-0.6807311	0.31303317
0.77	-0.93768809	0.21514732
0.775	-1.1259995	0.068928005
0.78	-1.1796975	-0.11637556
0.785	-1.067872	-0.30962922
0.79	-0.82359516	-0.47031618
0.795	-0.51532502	-0.56893632
0.8	-0.22532381	-0.59644537
0.805	-0.017002792	-0.57419263
0.81	0.083837326	-0.54972528
0.815	0.091425104	-0.55025419
0.82	0.044468022	-0.59023276
0.825	-0.01509147	-0.65916765
0.83	-0.059505206	-0.72923047
0.835	-0.07945322	-0.75921966
0.84	-0.080741929	-0.74805023
0.845	-0.070661783	-0.68865297
0.85	-0.050853082	-0.60214398
0.855	-0.020282085	-0.51588366
0.86	0.021680393	-0.43852126
0.865	0.06811934	-0.3703215
0.87	0.10301692	-0.30030992
0.875	0.11140549	-0.21903451
0.88	0.086286548	-0.12245076
0.885	0.039328977	-0.012534113
0.89	-0.005323701	0.10505609
0.895	-0.0190959	0.22473406
0.9	0.014726441	0.33707188
0.905	0.091667672	0.42866178
0.91	0.1873702	0.47772756
0.915	0.26707822	0.46119521
0.92	0.30545157	0.37220589
0.925	0.29476585	0.23092255
0.93	0.24763054	0.092348407
0.935	0.18807527	0.028590196
0.94	0.1380578	0.097126091
0.945	0.10827896	0.30527681
0.95	0.09636146	0.59434623
0.955	0.090641971	0.84976848
0.96	0.084120978	0.95527213
0.965	0.076784864	0.82525788
0.97	0.075121029	0.47095107
0.975	0.084331449	-0.005256176
0.98	0.10169907	-0.45728001
0.985	0.10970503	-0.75100089
0.99	0.085200836	-0.82978206
0.995	0.005151073	-0.70296112
1	-0.1395	-0.474
1.005	-0.3425524	-0.24446471
1.01	-0.58140434	-0.083491486
1.015	-0.82455613	-0.005206919
1.02	-1.0366831	0.017662008
1.025	-1.1893721	0.012820504
1.03	-1.2660141	-0.023378543
1.035	-1.2418563	-0.12809084
1.04	-1.1230602	-0.34320091
1.045	-0.92387949	-0.66803594
1.05	-0.68354155	-1.0399993
1.055	-0.43177883	-1.3328478
1.06	-0.20940018	-1.4441392
1.065	-0.034838792	-1.3145192
1.07	0.090784276	-0.99700588
1.075	0.18085456	-0.61506845
1.08	0.25052587	-0.3004673
1.085	0.29535965	-0.11600477
1.09	0.29430887	-0.010251208
1.095	0.22178513	0.154502
1.1	0.070270399	0.51492679
1.105	-0.12157351	1.1067381
1.11	-0.26952754	1.8024654
1.115	-0.26989684	2.3436183
1.12	-0.04589091	2.4390169
1.125	0.4028772	1.9204951
1.13	0.97724943	0.84609227
1.135	1.5065402	-0.51050191
1.14	1.8067722	-1.7376135
1.145	1.7621385	-2.4565774
1.15	1.3683687	-2.4839814
1.155	0.74467226	-1.8726188
1.16	0.10278421	-0.91363743
1.165	-0.37039717	0.014286748
1.17	-0.57099052	0.61613861
1.175	-0.51892662	0.7597299
1.18	-0.33711806	0.51637926
1.185	-0.18349089	0.093088061
1.19	-0.16887381	-0.27846214
1.195	-0.31278883	-0.43808465
1.2	-0.54180059	-0.34371323
1.205	-0.73784945	-0.06008073
1.21	-0.80585853	0.2977579
1.215	-0.72078329	0.62394802
1.22	-0.53979531	0.85689068
1.225	-0.36405677	0.98368875
1.23	-0.28863732	1.0143804
1.235	-0.3551794	0.97119366
1.24	-0.53620027	0.86552743
1.245	-0.7638346	0.71452494
1.25	-0.97033321	0.52995121
1.255	-1.1133722	0.32839802
1.26	-1.2008363	0.1266507
1.265	-1.2886929	-0.070548879
1.27	-1.3863596	-0.27161332
1.275	-1.5222603	-0.4916617
1.28	-1.6397907	-0.73553616
1.285	-1.6817821	-0.99766735
1.29	-1.6095789	-1.2286134
1.295	-1.4032885	-1.4223809
1.3	-1.1002886	-1.5404041
1.305	-0.76230746	-1.6013251
1.31	-0.44202852	-1.6335837
1.315	-0.18488358	-1.6851368
1.32	0.001910479	-1.7753944
1.325	0.13728421	-1.8852409
1.33	0.24603481	-1.9566548
1.335	0.34450634	-1.921472
1.34	0.43456812	-1.7402169
1.345	0.50252425	-1.4023933
1.35	0.53751607	-0.95601769
1.355	0.54034745	-0.49246856
1.36	0.52162565	-0.10275927
1.365	0.49889474	0.14114115
1.37	0.48195641	0.20809523
1.375	0.4639585	0.11598962
1.38	0.41832392	-0.083566355
1.385	0.31242478	-0.31242478
1.39	0.11940152	-0.49142115
1.395	-0.16894088	-0.55424465
1.4	-0.52915448	-0.46684283
1.405	-0.91686555	-0.233672
1.41	-1.2686638	0.096438275
1.415	-1.5377516	0.44545191
1.42	-1.6682367	0.72588155
1.425	-1.6497813	0.87060749
1.43	-1.4919542	0.85837101
1.435	-1.2342637	0.7176646
1.44	-0.92035699	0.51894588
1.445	-0.5930284	0.3438568
1.45	-0.28621389	0.25430154
1.455	-0.01626383	0.27039865
1.46	0.22061246	0.36935118
1.465	0.43641321	0.49533399
1.47	0.64835967	0.58941788
1.475	0.86540659	0.60658406
1.48	1.0895219	0.52876799
1.485	1.2896817	0.36490995
1.49	1.4598399	0.14098454
1.495	1.569957	-0.10599709
1.5	1.6	-0.334
1.505	1.53	-0.506
1.51	1.37	-0.589
1.515	1.14	-0.574
1.52	0.881	-0.477
1.525	0.64	-0.347
1.53	0.469	-0.252
1.535	0.405	-0.257
1.54	0.456	-0.396
1.545	0.593	-0.655
1.55	0.756	-0.971
1.555	0.869	-1.25
1.56	0.87	-1.42
1.565	0.735	-1.43
1.57	0.491	-1.3
1.575	0.208	-1.07
1.58	-0.0258	-0.83
1.585	-0.135	-0.625
1.59	-0.0887	-0.475
1.595	0.0934	-0.364
1.6	0.349	-0.256
1.605	0.597	-0.122
1.61	0.769	0.047
1.615	0.825	0.237
1.62	0.757	0.424
1.625	0.579	0.589
1.63	0.318	0.722
1.635	-0.000195	0.823
1.64	-0.347	0.888
1.645	-0.69	0.904
1.65	-0.989	0.845
1.655	-1.2	0.684
1.66	-1.29	0.411
1.665	-1.26	0.0438
1.67	-1.13	-0.372
1.675	-0.961	-0.772
1.68	-0.812	-1.09
1.685	-0.731	-1.29
1.69	-0.725	-1.36
1.695	-0.761	-1.29
1.7	-0.779	-1.12
1.705	-0.724	-0.879
1.71	-0.568	-0.586
1.715	-0.325	-0.269
1.72	-0.0403	0.0482
1.725	0.23	0.343
1.73	0.442	0.596
1.735	0.581	0.798
1.74	0.659	0.953
1.745	0.701	1.08
1.75	0.728	1.2
1.755	0.748	1.31
1.76	0.757	1.42
1.765	0.75	1.5
1.77	0.736	1.5
1.775	0.734	1.4
1.78	0.772	1.18
1.785	0.867	0.848
1.79	1.01	0.453
1.795	1.16	0.0465
1.8	1.26	-0.321
1.805	1.26	-0.613
1.81	1.13	-0.812
1.815	0.904	-0.912
1.82	0.631	-0.913
1.825	0.386	-0.812
1.83	0.235	-0.609
1.835	0.21	-0.315
1.84	0.304	0.0381
1.845	0.479	0.395
1.85	0.682	0.689
1.855	0.865	0.858
1.86	0.999	0.867
1.865	1.08	0.727
1.87	1.11	0.489
1.875	1.11	0.229
1.88	1.1	0.0251
1.885	1.09	-0.071
1.89	1.07	-0.0448
1.895	1.06	0.0837
1.9	1.04	0.276
1.905	1.01	0.496
1.91	0.973	0.723
1.915	0.922	0.957
1.92	0.87	1.21
1.925	0.835	1.48
1.93	0.839	1.77
1.935	0.9	2.05
1.94	1.03	2.3
1.945	1.22	2.49
1.95	1.45	2.61
1.955	1.68	2.67
1.96	1.89	2.68
1.965	2.05	2.65
1.97	2.14	2.6
1.975	2.18	2.53
1.98	2.19	2.42
1.985	2.19	2.26
1.99	2.22	2.04
1.995	2.27	1.74
2	2.35	1.37
2.005	2.42	0.928
2.01	2.47	0.431
2.015	2.46	-0.0881
2.02	2.4	-0.579
2.025	2.32	-0.983
2.03	2.25	-1.25
2.035	2.25	-1.36
2.04	2.35	-1.33
2.045	2.57	-1.21
2.05	2.84	-1.1
2.055	3.11	-1.08
2.06	3.3	-1.2
2.065	3.35	-1.46
2.07	3.24	-1.81
2.075	3.02	-2.18
2.08	2.77	-2.51
2.085	2.54	-2.77
2.09	2.41	-2.96
2.095	2.36	-3.11
2.1	2.38	-3.24
2.105	2.41	-3.37
2.11	2.42	-3.46
2.115	2.39	-3.49
2.12	2.35	-3.45
2.125	2.34	-3.33
2.13	2.4	-3.18
2.135	2.56	-3.07
2.14	2.8	-3.04
2.145	3.07	-3.1
2.15	3.34	-3.23
2.155	3.58	-3.37
2.16	3.78	-3.47
2.165	3.94	-3.49
2.17	4.07	-3.43
2.175	4.2	-3.32
2.18	4.31	-3.21
2.185	4.39	-3.11
2.19	4.45	-3.03
2.195	4.47	-2.95
2.2	4.48	-2.84
2.205	4.49	-2.7
2.21	4.52	-2.55
2.215	4.56	-2.43
2.22	4.61	-2.36
2.225	4.66	-2.37
2.23	4.7	-2.43
2.235	4.75	-2.51
2.24	4.81	-2.59
2.245	4.9	-2.64
2.25	5.04	-2.66
2.255	5.2	-2.66
2.26	5.36	-2.66
2.265	5.49	-2.66
2.27	5.56	-2.65
2.275	5.58	-2.6
2.28	5.56	-2.49
2.285	5.53	-2.34
2.29	5.51	-2.16
2.295	5.51	-1.98
2.3	5.53	-1.82
2.305	5.54	-1.66
2.31	5.54	-1.48
2.315	5.53	-1.26
2.32	5.52	-0.976
2.325	5.55	-0.644
2.33	5.61	-0.295
2.335	5.73	0.0357
2.34	5.87	0.324
2.345	5.99	0.577
2.35	6.06	0.826
2.355	6.01	1.11
2.36	5.82	1.46
2.365	5.48	1.86
2.37	4.98	2.28
2.375	4.36	2.65
2.38	3.64	2.92
2.385	2.86	3.08
2.39	2.06	3.13
2.395	1.26	3.11
2.4	0.494	3.07
2.405	-0.234	3.05
2.41	-0.917	3.06
2.415	-1.56	3.08
2.42	-2.15	3.12
2.425	-2.7	3.15
2.43	-3.21	3.17
2.435	-3.67	3.19
2.44	-4.1	3.21
2.445	-4.5	3.22
2.45	-4.88	3.22
2.455	-5.27	3.17
2.46	-5.66	3.06
2.465	-6.06	2.87
2.47	-6.44	2.62
2.475	-6.78	2.33
2.48	-7.07	2.02
2.485	-7.27	1.73
2.49	-7.41	1.46
2.495	-7.48	1.21
2.5	-7.52	0.962
2.505	-7.53	0.728
2.51	-7.54	0.507
2.515	-7.55	0.31
2.52	-7.55	0.149
2.525	-7.55	0.0355
2.53	-7.53	-0.0247
2.535	-7.51	-0.0301
2.54	-7.47	0.0192
2.545	-7.43	0.123
2.55	-7.38	0.279
2.555	-7.32	0.485
2.56	-7.25	0.732
2.565	-7.17	1.01
2.57	-7.08	1.3
2.575	-6.98	1.6
2.58	-6.89	1.89
2.585	-6.81	2.18
2.59	-6.76	2.47
2.595	-6.72	2.75
2.6	-6.69	3
2.605	-6.69	3.22
2.61	-6.69	3.39
2.615	-6.72	3.5
2.62	-6.75	3.55
2.625	-6.79	3.56
2.63	-6.83	3.55
2.635	-6.85	3.53
2.64	-6.86	3.51
2.645	-6.87	3.47
2.65	-6.89	3.4
2.655	-6.95	3.26
2.66	-7.07	3.07
2.665	-7.24	2.83
2.67	-7.46	2.59
2.675	-7.69	2.4
2.68	-7.91	2.3
2.685	-8.09	2.33
2.69	-8.2	2.49
2.695	-8.24	2.76
2.7	-8.19	3.1
2.705	-8.05	3.47
2.71	-7.8	3.81
2.715	-7.45	4.11
2.72	-7.02	4.35
2.725	-6.53	4.52
2.73	-6.02	4.63
2.735	-5.52	4.67
2.74	-5.06	4.64
2.745	-4.63	4.54
2.75	-4.24	4.35
2.755	-3.87	4.1
2.76	-3.51	3.8
2.765	-3.14	3.49
2.77	-2.78	3.21
2.775	-2.41	2.97
2.78	-2.04	2.76
2.785	-1.65	2.58
2.79	-1.26	2.37
2.795	-0.882	2.11
2.8	-0.557	1.76
2.805	-0.32	1.32
2.81	-0.192	0.809
2.815	-0.171	0.255
2.82	-0.225	-0.308
2.825	-0.313	-0.851
2.83	-0.399	-1.35
2.835	-0.474	-1.78
2.84	-0.551	-2.13
2.845	-0.654	-2.35
2.85	-0.795	-2.42
2.855	-0.952	-2.33
2.86	-1.08	-2.1
2.865	-1.11	-1.8
2.87	-1.04	-1.53
2.875	-0.863	-1.39
2.88	-0.655	-1.45
2.885	-0.478	-1.74
2.89	-0.36	-2.2
2.895	-0.249	-2.7
2.9	-0.0291	-3.1
2.905	0.439	-3.25
2.91	1.24	-3.06
2.915	2.33	-2.51
2.92	3.55	-1.67
2.925	4.64	-0.675
2.93	5.33	0.342
2.935	5.47	1.24
2.94	5.08	1.93
2.945	4.34	2.37
2.95	3.49	2.55
2.955	2.81	2.53
2.96	2.43	2.38
2.965	2.36	2.2
2.97	2.51	2.05
2.975	2.72	1.99
2.98	2.88	2.04
2.985	2.95	2.2
2.99	2.99	2.42
2.995	3.05	2.64
3	3.19	2.81
3.005	3.38	2.9
3.01	3.56	2.91
3.015	3.63	2.85
3.02	3.54	2.76
3.025	3.29	2.65
3.03	2.95	2.51
3.035	2.6	2.3
3.04	2.33	1.99
3.045	2.17	1.55
3.05	2.1	0.978
3.055	2.09	0.305
3.06	2.08	-0.41
3.065	2.05	-1.09
3.07	2.02	-1.68
3.075	2	-2.13
3.08	2	-2.41
3.085	2.01	-2.52
3.09	2.04	-2.48
3.095	2.05	-2.31
3.1	2.03	-2.04
3.105	2	-1.71
3.11	1.96	-1.39
3.115	1.93	-1.1
3.12	1.92	-0.891
3.125	1.9	-0.777
3.13	1.86	-0.754
3.135	1.78	-0.805
3.14	1.67	-0.909
3.145	1.54	-1.05
3.15	1.41	-1.24
3.155	1.29	-1.49
3.16	1.17	-1.79
3.165	1.05	-2.16
3.17	0.897	-2.55
3.175	0.708	-2.94
3.18	0.504	-3.26
3.185	0.328	-3.48
3.19	0.233	-3.57
3.195	0.263	-3.53
3.2	0.433	-3.41
3.205	0.726	-3.24
3.21	1.09	-3.07
3.215	1.47	-2.92
3.22	1.81	-2.8
3.225	2.08	-2.7
3.23	2.27	-2.6
3.235	2.41	-2.47
3.24	2.53	-2.32
3.245	2.67	-2.13
3.25	2.83	-1.92
3.255	3.03	-1.74
3.26	3.24	-1.6
3.265	3.44	-1.53
3.27	3.59	-1.54
3.275	3.69	-1.59
3.28	3.71	-1.63
3.285	3.67	-1.6
3.29	3.57	-1.45
3.295	3.45	-1.18
3.3	3.3	-0.794
3.305	3.15	-0.366
3.31	3	0.0344
3.315	2.86	0.345
3.32	2.74	0.54
3.325	2.62	0.636
3.33	2.52	0.686
3.335	2.4	0.748
3.34	2.25	0.857
3.345	2.03	1
3.35	1.75	1.13
3.355	1.38	1.16
3.36	0.965	1.01
3.365	0.53	0.657
3.37	0.123	0.129
3.375	-0.222	-0.481
3.38	-0.484	-1.05
3.385	-0.667	-1.47
3.39	-0.795	-1.67
3.395	-0.9	-1.66
3.4	-1.02	-1.49
3.405	-1.16	-1.25
3.41	-1.35	-1.05
3.415	-1.56	-0.923
3.42	-1.78	-0.886
3.425	-2	-0.899
3.43	-2.19	-0.905
3.435	-2.35	-0.851
3.44	-2.5	-0.711
3.445	-2.62	-0.487
3.45	-2.75	-0.204
3.455	-2.87	0.104
3.46	-2.98	0.402
3.465	-3.06	0.662
3.47	-3.11	0.861
3.475	-3.1	0.973
3.48	-3.05	0.973
3.485	-2.96	0.845
3.49	-2.87	0.593
3.495	-2.78	0.252
3.5	-2.72	-0.117
3.505	-2.66	-0.437
3.51	-2.61	-0.639
3.515	-2.54	-0.695
3.52	-2.45	-0.618
3.525	-2.32	-0.466
3.53	-2.17	-0.314
3.535	-2.01	-0.218
3.54	-1.87	-0.202
3.545	-1.74	-0.24
3.55	-1.65	-0.283
3.555	-1.62	-0.282
3.56	-1.66	-0.221
3.565	-1.8	-0.128
3.57	-2.04	-0.0684
3.575	-2.37	-0.111
3.58	-2.72	-0.297
3.585	-3.03	-0.616
3.59	-3.2	-1.01
3.595	-3.18	-1.38
3.6	-2.94	-1.65
3.605	-2.51	-1.78
3.61	-1.96	-1.78
3.615	-1.38	-1.72
3.62	-0.849	-1.65
3.625	-0.405	-1.65
3.63	-0.0638	-1.73
3.635	0.188	-1.85
3.64	0.378	-1.99
3.645	0.527	-2.09
3.65	0.648	-2.13
3.655	0.744	-2.13
3.66	0.816	-2.1
3.665	0.867	-2.09
3.67	0.903	-2.12
3.675	0.932	-2.21
3.68	0.954	-2.34
3.685	0.961	-2.51
3.69	0.944	-2.69
3.695	0.897	-2.86
3.7	0.822	-3.02
3.705	0.734	-3.16
3.71	0.651	-3.29
3.715	0.589	-3.4
3.72	0.548	-3.51
3.725	0.52	-3.63
3.73	0.489	-3.77
3.735	0.446	-3.89
3.74	0.4	-3.98
3.745	0.376	-3.98
3.75	0.406	-3.87
3.755	0.517	-3.64
3.76	0.715	-3.31
3.765	0.979	-2.95
3.77	1.27	-2.59
3.775	1.54	-2.25
3.78	1.76	-1.9
3.785	1.9	-1.5
3.79	1.98	-0.984
3.795	2.01	-0.322
3.8	2	0.454
3.805	1.94	1.25
3.81	1.81	1.96
3.815	1.59	2.45
3.82	1.28	2.66
3.825	0.876	2.59
3.83	0.414	2.31
3.835	-0.0565	1.9
3.84	-0.49	1.48
3.845	-0.857	1.12
3.85	-1.15	0.875
3.855	-1.4	0.773
3.86	-1.62	0.815
3.865	-1.84	0.985
3.87	-2.07	1.25
3.875	-2.27	1.54
3.88	-2.44	1.8
3.885	-2.54	1.96
3.89	-2.57	1.97
3.895	-2.57	1.85
3.9	-2.55	1.63
3.905	-2.56	1.39
3.91	-2.6	1.17
3.915	-2.66	1
3.92	-2.71	0.86
3.925	-2.71	0.708
3.93	-2.67	0.516
3.935	-2.6	0.29
3.94	-2.54	0.0701
3.945	-2.56	-0.0925
3.95	-2.66	-0.173
3.955	-2.83	-0.2
3.96	-3.01	-0.252
3.965	-3.1	-0.425
3.97	-3.01	-0.78
3.975	-2.73	-1.3
3.98	-2.25	-1.91
3.985	-1.64	-2.46
3.99	-0.991	-2.86
3.995	-0.355	-3.07
4	0.241	-3.13
4.005	0.815	-3.18
4.01	1.41	-3.31
4.015	2.05	-3.57
4.02	2.74	-3.9
4.025	3.45	-4.18
4.03	4.1	-4.27
4.035	4.65	-4.07
4.04	5.04	-3.59
4.045	5.26	-2.93
4.05	5.34	-2.21
4.055	5.28	-1.53
4.06	5.1	-0.941
4.065	4.78	-0.381
4.07	4.32	0.224
4.075	3.72	0.933
4.08	3.01	1.73
4.085	2.28	2.54
4.09	1.61	3.22
4.095	1.1	3.65
4.1	0.767	3.78
4.105	0.597	3.65
4.11	0.509	3.36
4.115	0.397	3.04
4.12	0.177	2.79
4.125	-0.191	2.67
4.13	-0.68	2.69
4.135	-1.22	2.79
4.14	-1.71	2.93
4.145	-2.09	3.06
4.15	-2.33	3.16
4.155	-2.46	3.22
4.16	-2.53	3.24
4.165	-2.59	3.22
4.17	-2.68	3.15
4.175	-2.82	3.05
4.18	-2.99	2.93
4.185	-3.18	2.83
4.19	-3.38	2.74
4.195	-3.58	2.66
4.2	-3.81	2.56
4.205	-4.04	2.42
4.21	-4.26	2.23
4.215	-4.43	2.03
4.22	-4.5	1.87
4.225	-4.47	1.83
4.23	-4.33	1.94
4.235	-4.13	2.2
4.24	-3.92	2.51
4.245	-3.75	2.77
4.25	-3.63	2.86
4.255	-3.53	2.69
4.26	-3.38	2.25
4.265	-3.11	1.61
4.27	-2.69	0.856
4.275	-2.12	0.101
4.28	-1.47	-0.577
4.285	-0.832	-1.14
4.29	-0.282	-1.59
4.295	0.131	-1.93
4.3	0.405	-2.16
4.305	0.581	-2.29
4.31	0.714	-2.3
4.315	0.85	-2.18
4.32	1.01	-1.96
4.325	1.19	-1.71
4.33	1.36	-1.49
4.335	1.51	-1.39
4.34	1.64	-1.41
4.345	1.76	-1.55
4.35	1.9	-1.75
4.355	2.08	-1.94
4.36	2.3	-2.06
4.365	2.54	-2.08
4.37	2.76	-2.01
4.375	2.93	-1.88
4.38	3	-1.71
4.385	2.94	-1.55
4.39	2.76	-1.4
4.395	2.46	-1.25
4.4	2.08	-1.11
4.405	1.66	-0.924
4.41	1.24	-0.676
4.415	0.875	-0.329
4.42	0.603	0.138
4.425	0.442	0.72
4.43	0.392	1.38
4.435	0.435	2.03
4.44	0.549	2.58
4.445	0.711	2.95
4.45	0.902	3.07
4.455	1.11	2.96
4.46	1.3	2.65
4.465	1.46	2.24
4.47	1.54	1.78
4.475	1.49	1.32
4.48	1.29	0.843
4.485	0.945	0.335
4.49	0.484	-0.219
4.495	-0.0255	-0.791
4.5	-0.506	-1.31
4.505	-0.891	-1.68
4.51	-1.14	-1.82
4.515	-1.26	-1.71
4.52	-1.26	-1.38
4.525	-1.19	-0.909
4.53	-1.08	-0.403
4.535	-0.951	0.0675
4.54	-0.798	0.473
4.545	-0.619	0.822
4.55	-0.408	1.13
4.555	-0.167	1.4
4.56	0.0921	1.6
4.565	0.348	1.66
4.57	0.577	1.55
4.575	0.749	1.27
4.58	0.84	0.873
4.585	0.826	0.459
4.59	0.697	0.129
4.595	0.461	-0.0552
4.6	0.149	-0.0988
4.605	-0.189	-0.0647
4.61	-0.489	-0.0427
4.615	-0.694	-0.104
4.62	-0.772	-0.266
4.625	-0.721	-0.486
4.63	-0.571	-0.68
4.635	-0.368	-0.763
4.64	-0.153	-0.686
4.645	0.0504	-0.455
4.65	0.242	-0.13
4.655	0.436	0.2
4.66	0.648	0.45
4.665	0.871	0.562
4.67	1.08	0.522
4.675	1.24	0.358
4.68	1.3	0.125
4.685	1.26	-0.104
4.69	1.14	-0.261
4.695	0.981	-0.296
4.7	0.831	-0.185
4.705	0.73	0.0611
4.71	0.69	0.402
4.715	0.696	0.776
4.72	0.719	1.11
4.725	0.735	1.36
4.73	0.74	1.47
4.735	0.751	1.46
4.74	0.799	1.35
4.745	0.911	1.16
4.75	1.09	0.932
4.755	1.33	0.678
4.76	1.59	0.41
4.765	1.83	0.13
4.77	2.02	-0.156
4.775	2.15	-0.437
4.78	2.22	-0.7
4.785	2.22	-0.929
4.79	2.19	-1.11
4.795	2.11	-1.23
4.8	1.99	-1.29
4.805	1.84	-1.27
4.81	1.69	-1.15
4.815	1.55	-0.936
4.82	1.44	-0.637
4.825	1.38	-0.284
4.83	1.37	0.0692
4.835	1.39	0.367
4.84	1.44	0.563
4.845	1.51	0.645
4.85	1.6	0.635
4.855	1.73	0.586
4.86	1.88	0.556
4.865	2.05	0.584
4.87	2.17	0.667
4.875	2.17	0.756
4.88	2	0.766
4.885	1.63	0.612
4.89	1.09	0.241
4.895	0.436	-0.342
4.9	-0.215	-1.06
4.905	-0.77	-1.79
4.91	-1.16	-2.37
4.915	-1.39	-2.69
4.92	-1.47	-2.68
4.925	-1.47	-2.37
4.93	-1.45	-1.87
4.935	-1.44	-1.31
4.94	-1.47	-0.832
4.945	-1.5	-0.535
4.95	-1.53	-0.428
4.955	-1.55	-0.451
4.96	-1.55	-0.492
4.965	-1.56	-0.431
4.97	-1.59	-0.185
4.975	-1.63	0.266
4.98	-1.66	0.876
4.985	-1.66	1.55
4.99	-1.58	2.2
4.995	-1.4	2.71
5	-1.12	3.05
5.005	-0.771	3.2
5.01	-0.394	3.19
5.015	-0.0374	3.06
5.02	0.257	2.85
5.025	0.461	2.6
5.03	0.567	2.36
5.035	0.582	2.15
5.04	0.525	2
5.045	0.423	1.9
5.05	0.301	1.87
5.055	0.179	1.89
5.06	0.0694	1.93
5.065	-0.0284	1.98
5.07	-0.124	2.02
5.075	-0.231	2.04
5.08	-0.359	2.06
5.085	-0.508	2.08
5.09	-0.667	2.1
5.095	-0.815	2.13
5.1	-0.935	2.16
5.105	-1.02	2.18
5.11	-1.08	2.19
5.115	-1.13	2.17
5.12	-1.21	2.16
5.125	-1.35	2.13
5.13	-1.53	2.11
5.135	-1.73	2.09
5.14	-1.91	2.07
5.145	-2.01	2.05
5.15	-1.98	2.03
5.155	-1.82	2.01
5.16	-1.54	1.99
5.165	-1.17	1.97
5.17	-0.768	1.93
5.175	-0.377	1.88
5.18	-0.0312	1.82
5.185	0.256	1.76
5.19	0.485	1.71
5.195	0.66	1.71
5.2	0.79	1.74
5.205	0.878	1.79
5.21	0.931	1.82
5.215	0.954	1.8
5.22	0.957	1.7
5.225	0.952	1.51
5.23	0.945	1.25
5.235	0.942	0.953
5.24	0.936	0.643
5.245	0.923	0.347
5.25	0.896	0.0824
5.255	0.858	-0.132
5.26	0.82	-0.273
5.265	0.798	-0.313
5.27	0.809	-0.23
5.275	0.861	-0.0202
5.28	0.951	0.291
5.285	1.07	0.65
5.29	1.2	0.991
5.295	1.32	1.26
5.3	1.42	1.45
5.305	1.51	1.57
5.31	1.57	1.68
5.315	1.61	1.8
5.32	1.6	1.94
5.325	1.54	2.04
5.33	1.4	2.02
5.335	1.18	1.81
5.34	0.904	1.37
5.345	0.598	0.771
5.35	0.308	0.125
5.355	0.0772	-0.41
5.36	-0.0654	-0.705
5.365	-0.113	-0.702
5.37	-0.0827	-0.436
5.375	-0.00719	-0.0144
5.38	0.0752	0.427
5.385	0.132	0.778
5.39	0.145	0.985
5.395	0.105	1.06
5.4	0.0169	1.06
5.405	-0.116	1.04
5.41	-0.289	1.05
5.415	-0.501	1.08
5.42	-0.746	1.13
5.425	-1.01	1.17
5.43	-1.28	1.19
5.435	-1.53	1.2
5.44	-1.74	1.2
5.445	-1.89	1.21
5.45	-1.98	1.23
5.455	-2.02	1.22
5.46	-2.03	1.19
5.465	-2.02	1.11
5.47	-1.99	0.995
5.475	-1.95	0.867
5.48	-1.89	0.751
5.485	-1.81	0.663
5.49	-1.73	0.606
5.495	-1.66	0.571
5.5	-1.64	0.546
5.505	-1.67	0.518
5.51	-1.77	0.485
5.515	-1.91	0.445
5.52	-2.07	0.396
5.525	-2.22	0.337
5.53	-2.36	0.269
5.535	-2.5	0.21
5.54	-2.64	0.195
5.545	-2.78	0.272
5.55	-2.91	0.485
5.555	-2.98	0.846
5.56	-2.93	1.32
5.565	-2.72	1.82
5.57	-2.34	2.24
5.575	-1.82	2.46
5.58	-1.24	2.42
5.585	-0.704	2.13
5.59	-0.293	1.67
5.595	-0.0543	1.17
5.6	0.0211	0.743
5.605	-0.0137	0.485
5.61	-0.0833	0.417
5.615	-0.121	0.507
5.62	-0.0911	0.691
5.625	-0.00097	0.902
5.63	0.111	1.09
5.635	0.194	1.25
5.64	0.207	1.37
5.645	0.136	1.46
5.65	-0.00664	1.52
5.655	-0.185	1.51
5.66	-0.358	1.43
5.665	-0.491	1.25
5.67	-0.567	0.987
5.675	-0.584	0.667
5.68	-0.553	0.33
5.685	-0.491	0.015
5.69	-0.415	-0.257
5.695	-0.338	-0.483
5.7	-0.269	-0.678
5.705	-0.212	-0.86
5.71	-0.169	-1.04
5.715	-0.137	-1.23
5.72	-0.112	-1.43
5.725	-0.0917	-1.62
5.73	-0.0733	-1.81
5.735	-0.0569	-2
5.74	-0.0439	-2.2
5.745	-0.0352	-2.42
5.75	-0.029	-2.65
5.755	-0.0196	-2.89
5.76	0.00249	-3.11
5.765	0.047	-3.32
5.77	0.121	-3.49
5.775	0.226	-3.63
5.78	0.355	-3.74
5.785	0.501	-3.8
5.79	0.649	-3.8
5.795	0.79	-3.74
5.8	0.914	-3.61
5.805	1.01	-3.43
5.81	1.07	-3.23
5.815	1.07	-3.03
5.82	1.02	-2.86
5.825	0.894	-2.75
5.83	0.714	-2.69
5.835	0.504	-2.66
5.84	0.3	-2.65
5.845	0.144	-2.63
5.85	0.0685	-2.6
5.855	0.0861	-2.57
5.86	0.188	-2.54
5.865	0.347	-2.53
5.87	0.532	-2.53
5.875	0.72	-2.54
5.88	0.899	-2.56
5.885	1.08	-2.57
5.89	1.26	-2.57
5.895	1.47	-2.57
5.9	1.7	-2.57
5.905	1.93	-2.58
5.91	2.14	-2.57
5.915	2.33	-2.55
5.92	2.48	-2.51
5.925	2.62	-2.45
5.93	2.77	-2.36
5.935	2.95	-2.27
5.94	3.17	-2.16
5.945	3.42	-2.06
5.95	3.69	-1.96
5.955	3.94	-1.88
5.96	4.16	-1.8
5.965	4.35	-1.75
5.97	4.51	-1.72
5.975	4.67	-1.7
5.98	4.82	-1.69
5.985	4.97	-1.67
5.99	5.1	-1.62
5.995	5.21	-1.55
6	5.27	-1.46
6.005	5.3	-1.34
6.01	5.3	-1.22
6.015	5.26	-1.08
6.02	5.21	-0.946
6.025	5.12	-0.819
6.03	4.99	-0.719
6.035	4.8	-0.664
6.04	4.54	-0.672
6.045	4.2	-0.746
6.05	3.78	-0.869
6.055	3.3	-1.01
6.06	2.77	-1.12
6.065	2.22	-1.2
6.07	1.68	-1.24
6.075	1.19	-1.29
6.08	0.796	-1.39
6.085	0.518	-1.58
6.09	0.354	-1.85
6.095	0.27	-2.13
6.1	0.208	-2.33
6.105	0.104	-2.35
6.11	-0.088	-2.15
6.115	-0.379	-1.74
6.12	-0.736	-1.18
6.125	-1.1	-0.609
6.13	-1.41	-0.114
6.135	-1.63	0.24
6.14	-1.74	0.451
6.145	-1.78	0.562
6.15	-1.8	0.625
6.155	-1.83	0.67
6.16	-1.88	0.687
6.165	-1.94	0.64
6.17	-1.96	0.487
6.175	-1.92	0.217
6.18	-1.79	-0.141
6.185	-1.59	-0.524
6.19	-1.36	-0.856
6.195	-1.15	-1.09
6.2	-0.981	-1.21
6.205	-0.866	-1.24
6.21	-0.783	-1.24
6.215	-0.696	-1.24
6.22	-0.573	-1.27
6.225	-0.398	-1.3
6.23	-0.177	-1.34
6.235	0.0622	-1.34
6.24	0.285	-1.32
6.245	0.457	-1.3
6.25	0.557	-1.29
6.255	0.579	-1.31
6.26	0.532	-1.36
6.265	0.437	-1.4
6.27	0.321	-1.39
6.275	0.214	-1.32
6.28	0.141	-1.17
6.285	0.123	-0.982
6.29	0.168	-0.79
6.295	0.271	-0.636
6.3	0.411	-0.543
6.305	0.557	-0.513
6.31	0.677	-0.526
6.315	0.742	-0.557
6.32	0.741	-0.579
6.325	0.679	-0.572
6.33	0.579	-0.525
6.335	0.475	-0.432
6.34	0.399	-0.292
6.345	0.372	-0.111
6.35	0.4	0.0968
6.355	0.474	0.31
6.36	0.576	0.501
6.365	0.689	0.644
6.37	0.801	0.724
6.375	0.906	0.745
6.38	1.01	0.726
6.385	1.1	0.694
6.39	1.17	0.674
6.395	1.22	0.678
6.4	1.23	0.7
6.405	1.22	0.726
6.41	1.18	0.743
6.415	1.16	0.748
6.42	1.18	0.752
6.425	1.26	0.777
6.43	1.4	0.836
6.435	1.55	0.928
6.44	1.65	1.02
6.445	1.63	1.08
6.45	1.47	1.04
6.455	1.16	0.862
6.46	0.745	0.556
6.465	0.297	0.155
6.47	-0.112	-0.275
6.475	-0.432	-0.657
6.48	-0.65	-0.931
6.485	-0.788	-1.07
6.49	-0.89	-1.09
6.495	-0.995	-1.02
6.5	-1.13	-0.938
6.505	-1.28	-0.879
6.51	-1.44	-0.868
6.515	-1.56	-0.898
6.52	-1.64	-0.936
6.525	-1.67	-0.942
6.53	-1.65	-0.884
6.535	-1.62	-0.75
6.54	-1.58	-0.556
6.545	-1.55	-0.336
6.55	-1.53	-0.13
6.555	-1.52	0.0286
6.56	-1.53	0.124
6.565	-1.56	0.16
6.57	-1.62	0.154
6.575	-1.73	0.128
6.58	-1.88	0.0973
6.585	-2.07	0.0648
6.59	-2.3	0.0245
6.595	-2.55	-0.0319
6.6	-2.8	-0.104
6.605	-3.06	-0.179
6.61	-3.31	-0.23
6.615	-3.55	-0.228
6.62	-3.77	-0.154
6.625	-3.98	-0.0104
6.63	-4.16	0.176
6.635	-4.32	0.362
6.64	-4.43	0.509
6.645	-4.48	0.592
6.65	-4.46	0.619
6.655	-4.35	0.623
6.66	-4.13	0.655
6.665	-3.81	0.758
6.67	-3.41	0.951
6.675	-2.95	1.22
6.68	-2.44	1.52
6.685	-1.92	1.8
6.69	-1.41	2
6.695	-0.906	2.08
6.7	-0.43	2.02
6.705	0.00933	1.83
6.71	0.403	1.55
6.715	0.742	1.23
6.72	1.02	0.917
6.725	1.26	0.669
6.73	1.47	0.524
6.735	1.68	0.493
6.74	1.9	0.551
6.745	2.12	0.637
6.75	2.34	0.665
6.755	2.51	0.553
6.76	2.59	0.251
6.765	2.54	-0.233
6.77	2.35	-0.825
6.775	2.04	-1.4
6.78	1.65	-1.84
6.785	1.24	-2.01
6.79	0.857	-1.9
6.795	0.546	-1.53
6.8	0.329	-1.01
6.805	0.203	-0.454
6.81	0.148	0.0222
6.815	0.127	0.354
6.82	0.0957	0.532
6.825	0.0177	0.594
6.83	-0.131	0.595
6.835	-0.354	0.586
6.84	-0.63	0.59
6.845	-0.925	0.607
6.85	-1.2	0.622
6.855	-1.42	0.626
6.86	-1.58	0.628
6.865	-1.68	0.66
6.87	-1.74	0.764
6.875	-1.78	0.974
6.88	-1.8	1.3
6.885	-1.78	1.7
6.89	-1.7	2.13
6.895	-1.54	2.48
6.9	-1.28	2.69
6.905	-0.952	2.7
6.91	-0.596	2.51
6.915	-0.262	2.16
6.92	0.00805	1.73
6.925	0.193	1.3
6.93	0.298	0.924
6.935	0.345	0.614
6.94	0.357	0.347
6.945	0.348	0.0723
6.95	0.319	-0.262
6.955	0.26	-0.682
6.96	0.16	-1.17
6.965	0.0202	-1.68
6.97	-0.143	-2.14
6.975	-0.307	-2.48
6.98	-0.448	-2.66
6.985	-0.557	-2.68
6.99	-0.642	-2.56
6.995	-0.723	-2.37
7	-0.822	-2.15
7.005	-0.949	-1.94
7.01	-1.1	-1.77
7.015	-1.26	-1.65
7.02	-1.4	-1.56
7.025	-1.51	-1.51
7.03	-1.59	-1.48
7.035	-1.64	-1.44
7.04	-1.69	-1.36
7.045	-1.76	-1.2
7.05	-1.87	-0.92
7.055	-2	-0.502
7.06	-2.12	0.0406
7.065	-2.21	0.664
7.07	-2.21	1.3
7.075	-2.09	1.87
7.08	-1.85	2.33
7.085	-1.49	2.65
7.09	-1.05	2.83
7.095	-0.585	2.91
7.1	-0.148	2.93
7.105	0.216	2.92
7.11	0.488	2.9
7.115	0.684	2.87
7.12	0.843	2.83
7.125	1.01	2.79
7.13	1.2	2.73
7.135	1.4	2.64
7.14	1.55	2.52
7.145	1.58	2.36
7.15	1.42	2.13
7.155	1.05	1.83
7.16	0.502	1.45
7.165	-0.138	1
7.17	-0.767	0.514
7.175	-1.29	0.0151
7.18	-1.65	-0.462
7.185	-1.85	-0.887
7.19	-1.93	-1.23
7.195	-1.93	-1.49
7.2	-1.89	-1.64
7.205	-1.8	-1.69
7.21	-1.66	-1.67
7.215	-1.44	-1.61
7.22	-1.16	-1.53
7.225	-0.821	-1.48
7.23	-0.485	-1.47
7.235	-0.185	-1.48
7.24	0.0599	-1.47
7.245	0.264	-1.4
7.25	0.458	-1.23
7.255	0.671	-0.962
7.26	0.907	-0.607
7.265	1.14	-0.204
7.27	1.33	0.203
7.275	1.43	0.58
7.28	1.44	0.914
7.285	1.4	1.2
7.29	1.37	1.43
7.295	1.4	1.58
7.3	1.5	1.62
7.305	1.64	1.51
7.31	1.73	1.22
7.315	1.67	0.769
7.32	1.39	0.22
7.325	0.919	-0.333
7.33	0.322	-0.791
7.335	-0.271	-1.08
7.34	-0.735	-1.17
7.345	-0.993	-1.1
7.35	-1.04	-0.928
7.355	-0.95	-0.735
7.36	-0.814	-0.576
7.365	-0.725	-0.476
7.37	-0.726	-0.427
7.375	-0.803	-0.402
7.38	-0.897	-0.373
7.385	-0.935	-0.327
7.39	-0.862	-0.265
7.395	-0.666	-0.199
7.4	-0.37	-0.141
7.405	-0.0264	-0.096
7.41	0.311	-0.0618
7.415	0.602	-0.0339
7.42	0.828	-0.0091
7.425	0.988	0.0114
7.43	1.09	0.0233
7.435	1.16	0.023
7.44	1.19	0.00964
7.445	1.22	-0.014
7.45	1.25	-0.0436
7.455	1.29	-0.0751
7.46	1.37	-0.104
7.465	1.47	-0.123
7.47	1.6	-0.121
7.475	1.73	-0.083
7.48	1.85	0.0046
7.485	1.97	0.145
7.49	2.09	0.326
7.495	2.21	0.526
7.5	2.36	0.718
7.505	2.5	0.882
7.51	2.62	1.02
7.515	2.66	1.14
7.52	2.58	1.25
7.525	2.37	1.35
7.53	2.04	1.4
7.535	1.65	1.34
7.54	1.24	1.1
7.545	0.886	0.663
7.55	0.6	0.0352
7.555	0.381	-0.694
7.56	0.198	-1.39
7.565	0.0178	-1.92
7.57	-0.182	-2.16
7.575	-0.4	-2.06
7.58	-0.611	-1.67
7.585	-0.782	-1.05
7.59	-0.887	-0.335
7.595	-0.917	0.377
7.6	-0.887	1
7.605	-0.826	1.49
7.61	-0.764	1.82
7.615	-0.722	1.99
7.62	-0.702	2.01
7.625	-0.691	1.9
7.63	-0.666	1.71
7.635	-0.603	1.48
7.64	-0.487	1.25
7.645	-0.314	1.09
7.65	-0.0931	0.981
7.655	0.156	0.924
7.66	0.41	0.876
7.665	0.644	0.794
7.67	0.837	0.651
7.675	0.977	0.447
7.68	1.06	0.21
7.685	1.09	-0.0183
7.69	1.07	-0.203
7.695	1.02	-0.324
7.7	0.933	-0.386
7.705	0.821	-0.404
7.71	0.683	-0.395
7.715	0.526	-0.37
7.72	0.361	-0.329
7.725	0.205	-0.272
7.73	0.0736	-0.202
7.735	-0.0244	-0.133
7.74	-0.0898	-0.0813
7.745	-0.134	-0.0586
7.75	-0.174	-0.0608
7.755	-0.219	-0.0654
7.76	-0.268	-0.0386
7.765	-0.306	0.0503
7.77	-0.307	0.213
7.775	-0.252	0.436
7.78	-0.131	0.68
7.785	0.0415	0.9
7.79	0.237	1.06
7.795	0.418	1.14
7.8	0.555	1.14
7.805	0.631	1.11
7.81	0.65	1.06
7.815	0.627	1.02
7.82	0.581	1
7.825	0.524	1
7.83	0.457	0.998
7.835	0.373	0.983
7.84	0.262	0.945
7.845	0.118	0.875
7.85	-0.0565	0.769
7.855	-0.25	0.625
7.86	-0.447	0.444
7.865	-0.635	0.231
7.87	-0.805	0.000789
7.875	-0.954	-0.224
7.88	-1.08	-0.417
7.885	-1.2	-0.558
7.89	-1.29	-0.639
7.895	-1.37	-0.666
7.9	-1.43	-0.659
7.905	-1.48	-0.649
7.91	-1.51	-0.66
7.915	-1.52	-0.71
7.92	-1.51	-0.805
7.925	-1.48	-0.938
7.93	-1.43	-1.1
7.935	-1.36	-1.26
7.94	-1.27	-1.42
7.945	-1.16	-1.57
7.95	-1.04	-1.7
7.955	-0.908	-1.8
7.96	-0.767	-1.85
7.965	-0.616	-1.83
7.97	-0.457	-1.73
7.975	-0.291	-1.52
7.98	-0.128	-1.22
7.985	0.0276	-0.834
7.99	0.172	-0.406
7.995	0.309	0.014
8	0.447	0.375
8.005	0.598	0.635
8.01	0.769	0.77
8.015	0.96	0.78
8.02	1.16	0.685
8.025	1.34	0.513
8.03	1.49	0.296
8.035	1.57	0.0596
8.04	1.58	-0.178
8.045	1.51	-0.402
8.05	1.38	-0.599
8.055	1.2	-0.754
8.06	1.01	-0.855
8.065	0.835	-0.9
8.07	0.687	-0.902
8.075	0.58	-0.888
8.08	0.517	-0.891
8.085	0.492	-0.937
8.09	0.493	-1.03
8.095	0.506	-1.14
8.1	0.519	-1.23
8.105	0.523	-1.24
8.11	0.514	-1.12
8.115	0.495	-0.878
8.12	0.47	-0.537
8.125	0.445	-0.159
8.13	0.423	0.189
8.135	0.405	0.454
8.14	0.388	0.61
8.145	0.371	0.67
8.15	0.355	0.665
8.155	0.344	0.636
8.16	0.341	0.612
8.165	0.349	0.602
8.17	0.364	0.597
8.175	0.378	0.577
8.18	0.375	0.522
8.185	0.342	0.421
8.19	0.268	0.272
8.195	0.153	0.084
8.2	0.00564	-0.134
8.205	-0.158	-0.37
8.21	-0.316	-0.618
8.215	-0.453	-0.868
8.22	-0.558	-1.11
8.225	-0.63	-1.33
8.23	-0.676	-1.52
8.235	-0.707	-1.67
8.24	-0.734	-1.77
8.245	-0.761	-1.84
8.25	-0.782	-1.87
8.255	-0.788	-1.88
8.26	-0.762	-1.87
8.265	-0.694	-1.83
8.27	-0.58	-1.77
8.275	-0.427	-1.66
8.28	-0.254	-1.51
8.285	-0.0861	-1.29
8.29	0.0529	-1
8.295	0.147	-0.641
8.3	0.194	-0.221
8.305	0.203	0.234
8.31	0.192	0.686
8.315	0.181	1.09
8.32	0.182	1.41
8.325	0.2	1.61
8.33	0.226	1.7
8.335	0.25	1.7
8.34	0.263	1.65
8.345	0.263	1.59
8.35	0.256	1.53
8.355	0.256	1.48
8.36	0.276	1.44
8.365	0.326	1.4
8.37	0.412	1.33
8.375	0.531	1.26
8.38	0.678	1.2
8.385	0.846	1.16
8.39	1.03	1.14
8.395	1.22	1.14
8.4	1.4	1.11
8.405	1.57	1.02
8.41	1.69	0.837
8.415	1.76	0.568
8.42	1.76	0.251
8.425	1.69	-0.06
8.43	1.57	-0.305
8.435	1.43	-0.444
8.44	1.3	-0.469
8.445	1.22	-0.402
8.45	1.19	-0.285
8.455	1.22	-0.16
8.46	1.3	-0.0573
8.465	1.39	0.00957
8.47	1.49	0.0428
8.475	1.57	0.0516
8.48	1.64	0.0442
8.485	1.68	0.0249
8.49	1.72	-0.00499
8.495	1.76	-0.0437
8.5	1.8	-0.087
8.505	1.85	-0.129
8.51	1.9	-0.167
8.515	1.93	-0.201
8.52	1.95	-0.237
8.525	1.95	-0.281
8.53	1.94	-0.332
8.535	1.93	-0.384
8.54	1.93	-0.422
8.545	1.94	-0.439
8.55	1.97	-0.438
8.555	2	-0.44
8.56	2	-0.48
8.565	1.95	-0.593
8.57	1.83	-0.798
8.575	1.63	-1.09
8.58	1.38	-1.43
8.585	1.09	-1.77
8.59	0.806	-2.05
8.595	0.547	-2.25
8.6	0.333	-2.34
8.605	0.17	-2.35
8.61	0.053	-2.3
8.615	-0.0264	-2.23
8.62	-0.0789	-2.14
8.625	-0.113	-2.05
8.63	-0.136	-1.96
8.635	-0.153	-1.87
8.64	-0.17	-1.77
8.645	-0.192	-1.69
8.65	-0.226	-1.61
8.655	-0.278	-1.52
8.66	-0.355	-1.4
8.665	-0.459	-1.22
8.67	-0.591	-0.964
8.675	-0.745	-0.622
8.68	-0.908	-0.214
8.685	-1.06	0.222
8.69	-1.18	0.642
8.695	-1.25	1
8.7	-1.26	1.28
8.705	-1.21	1.47
8.71	-1.13	1.58
8.715	-1.04	1.63
8.72	-0.952	1.65
8.725	-0.889	1.66
8.73	-0.85	1.66
8.735	-0.831	1.67
8.74	-0.829	1.69
8.745	-0.846	1.71
8.75	-0.888	1.74
8.755	-0.964	1.76
8.76	-1.07	1.78
8.765	-1.2	1.8
8.77	-1.34	1.82
8.775	-1.47	1.84
8.78	-1.57	1.87
8.785	-1.68	1.9
8.79	-1.79	1.92
8.795	-1.94	1.92
8.8	-2.13	1.9
8.805	-2.31	1.86
8.81	-2.47	1.8
8.815	-2.57	1.74
8.82	-2.59	1.69
8.825	-2.56	1.63
8.83	-2.54	1.56
8.835	-2.56	1.45
8.84	-2.65	1.29
8.845	-2.76	1.06
8.85	-2.8	0.782
8.855	-2.69	0.49
8.86	-2.34	0.219
8.865	-1.75	-0.000287
8.87	-0.986	-0.148
8.875	-0.178	-0.222
8.88	0.543	-0.233
8.885	1.08	-0.201
8.89	1.41	-0.144
8.895	1.56	-0.0777
8.9	1.62	-0.0118
8.905	1.66	0.0491
8.91	1.73	0.107
8.915	1.81	0.17
8.92	1.88	0.25
8.925	1.88	0.36
8.93	1.81	0.501
8.935	1.67	0.657
8.94	1.52	0.793
8.945	1.38	0.86
8.95	1.29	0.811
8.955	1.24	0.621
8.96	1.19	0.305
8.965	1.1	-0.0874
8.97	0.951	-0.479
8.975	0.729	-0.793
8.98	0.462	-0.981
8.985	0.186	-1.04
8.99	-0.0682	-0.99
8.995	-0.281	-0.905
9	-0.451	-0.836
9.005	-0.591	-0.818
9.01	-0.708	-0.853
9.015	-0.806	-0.914
9.02	-0.874	-0.959
9.025	-0.894	-0.95
9.03	-0.849	-0.863
9.035	-0.73	-0.689
9.04	-0.543	-0.431
9.045	-0.307	-0.0984
9.05	-0.052	0.294
9.055	0.188	0.723
9.06	0.381	1.15
9.065	0.5	1.53
9.07	0.529	1.81
9.075	0.463	1.94
9.08	0.307	1.91
9.085	0.0759	1.74
9.09	-0.206	1.46
9.095	-0.513	1.15
9.1	-0.817	0.848
9.105	-1.1	0.608
9.11	-1.33	0.443
9.115	-1.52	0.351
9.12	-1.67	0.317
9.125	-1.8	0.322
9.13	-1.92	0.349
9.135	-2.05	0.384
9.14	-2.19	0.41
9.145	-2.34	0.414
9.15	-2.5	0.384
9.155	-2.64	0.32
9.16	-2.76	0.228
9.165	-2.87	0.123
9.17	-2.99	0.0142
9.175	-3.12	-0.0986
9.18	-3.27	-0.233
9.185	-3.4	-0.414
9.19	-3.46	-0.663
9.195	-3.41	-0.98
9.2	-3.2	-1.34
9.205	-2.82	-1.69
9.21	-2.32	-1.97
9.215	-1.76	-2.15
9.22	-1.23	-2.22
9.225	-0.797	-2.21
9.23	-0.484	-2.17
9.235	-0.278	-2.14
9.24	-0.131	-2.13
9.245	0.00924	-2.13
9.25	0.182	-2.1
9.255	0.397	-1.99
9.26	0.634	-1.77
9.265	0.862	-1.45
9.27	1.05	-1.06
9.275	1.19	-0.681
9.28	1.28	-0.355
9.285	1.36	-0.122
9.29	1.43	0.0073
9.295	1.52	0.0492
9.3	1.62	0.0289
9.305	1.72	-0.0297
9.31	1.81	-0.111
9.315	1.85	-0.209
9.32	1.84	-0.315
9.325	1.77	-0.42
9.33	1.64	-0.512
9.335	1.46	-0.575
9.34	1.24	-0.602
9.345	0.985	-0.595
9.35	0.722	-0.566
9.355	0.471	-0.526
9.36	0.248	-0.481
9.365	0.0611	-0.428
9.37	-0.0912	-0.354
9.375	-0.22	-0.249
9.38	-0.337	-0.111
9.385	-0.451	0.0493
9.39	-0.561	0.21
9.395	-0.66	0.347
9.4	-0.736	0.448
9.405	-0.781	0.512
9.41	-0.796	0.556
9.415	-0.787	0.599
9.42	-0.766	0.655
9.425	-0.743	0.721
9.43	-0.72	0.776
9.435	-0.694	0.792
9.44	-0.657	0.742
9.445	-0.602	0.616
9.45	-0.531	0.424
9.455	-0.45	0.195
9.46	-0.373	-0.0343
9.465	-0.313	-0.233
9.47	-0.277	-0.382
9.475	-0.265	-0.482
9.48	-0.271	-0.545
9.485	-0.284	-0.587
9.49	-0.299	-0.619
9.495	-0.312	-0.644
9.5	-0.328	-0.655
9.505	-0.356	-0.642
9.51	-0.4	-0.597
9.515	-0.465	-0.52
9.52	-0.547	-0.419
9.525	-0.638	-0.309
9.53	-0.731	-0.206
9.535	-0.819	-0.121
9.54	-0.903	-0.0594
9.545	-0.982	-0.017
9.55	-1.06	0.0129
9.555	-1.14	0.037
9.56	-1.2	0.0582
9.565	-1.26	0.0745
9.57	-1.3	0.0825
9.575	-1.31	0.0815
9.58	-1.31	0.0775
9.585	-1.3	0.0839
9.59	-1.29	0.118
9.595	-1.29	0.192
9.6	-1.29	0.311
9.605	-1.26	0.463
9.61	-1.2	0.627
9.615	-1.07	0.776
9.62	-0.882	0.893
9.625	-0.637	0.97
9.63	-0.36	1.01
9.635	-0.0835	1.05
9.64	0.162	1.07
9.645	0.355	1.11
9.65	0.492	1.15
9.655	0.58	1.18
9.66	0.64	1.19
9.665	0.69	1.18
9.67	0.742	1.17
9.675	0.797	1.16
9.68	0.848	1.17
9.685	0.882	1.19
9.69	0.89	1.2
9.695	0.871	1.19
9.7	0.834	1.13
9.705	0.796	1
9.71	0.773	0.842
9.715	0.775	0.67
9.72	0.799	0.517
9.725	0.829	0.401
9.73	0.84	0.315
9.735	0.806	0.237
9.74	0.708	0.138
9.745	0.544	-0.00119
9.75	0.327	-0.179
9.755	0.0799	-0.374
9.76	-0.166	-0.557
9.765	-0.385	-0.703
9.77	-0.56	-0.802
9.775	-0.685	-0.863
9.78	-0.761	-0.901
9.785	-0.798	-0.927
9.79	-0.804	-0.938
9.795	-0.79	-0.917
9.8	-0.761	-0.841
9.805	-0.722	-0.699
9.81	-0.674	-0.495
9.815	-0.615	-0.259
9.82	-0.543	-0.0302
9.825	-0.453	0.153
9.83	-0.341	0.27
9.835	-0.208	0.322
9.84	-0.0608	0.331
9.845	0.0903	0.324
9.85	0.233	0.324
9.855	0.357	0.338
9.86	0.46	0.36
9.865	0.545	0.377
9.87	0.618	0.378
9.875	0.682	0.358
9.88	0.73	0.322
9.885	0.748	0.279
9.89	0.716	0.233
9.895	0.616	0.187
9.9	0.447	0.136
9.905	0.222	0.0751
9.91	-0.0294	0.00473
9.915	-0.27	-0.0686
9.92	-0.468	-0.134
9.925	-0.605	-0.184
9.93	-0.68	-0.214
9.935	-0.704	-0.233
9.94	-0.696	-0.255
9.945	-0.67	-0.295
9.95	-0.634	-0.362
9.955	-0.589	-0.457
9.96	-0.531	-0.566
9.965	-0.464	-0.673
9.97	-0.393	-0.76
9.975	-0.331	-0.818
9.98	-0.292	-0.847
9.985	-0.279	-0.857
9.99	-0.29	-0.862
9.995	-0.31	-0.873
10	-0.323	-0.892
10.005	-0.313	-0.91
10.01	-0.273	-0.91
10.015	-0.204	-0.871
10.02	-0.117	-0.774
10.025	-0.025	-0.615
10.03	0.0578	-0.4
10.035	0.121	-0.152
10.04	0.159	0.0992
10.045	0.168	0.324
10.05	0.147	0.499
10.055	0.0981	0.615
10.06	0.0252	0.675
10.065	-0.0662	0.692
10.07	-0.169	0.681
10.075	-0.278	0.652
10.08	-0.388	0.61
10.085	-0.497	0.552
10.09	-0.604	0.471
10.095	-0.707	0.367
10.1	-0.8	0.242
10.105	-0.872	0.109
10.11	-0.91	-0.0166
10.115	-0.904	-0.12
10.12	-0.852	-0.194
10.125	-0.758	-0.241
10.13	-0.637	-0.272
10.135	-0.504	-0.301
10.14	-0.373	-0.338
10.145	-0.251	-0.387
10.15	-0.134	-0.436
10.155	-0.0168	-0.466
10.16	0.108	-0.458
10.165	0.244	-0.394
10.17	0.385	-0.273
10.175	0.522	-0.104
10.18	0.647	0.0893
10.185	0.755	0.278
10.19	0.847	0.438
10.195	0.928	0.554
10.2	1.01	0.627
10.205	1.09	0.666
10.21	1.17	0.684
10.215	1.24	0.696
10.22	1.3	0.706
10.225	1.34	0.712
10.23	1.36	0.707
10.235	1.37	0.684
10.24	1.36	0.638
10.245	1.36	0.572
10.25	1.36	0.495
10.255	1.36	0.417
10.26	1.36	0.346
10.265	1.34	0.285
10.27	1.33	0.234
10.275	1.3	0.188
10.28	1.28	0.143
10.285	1.26	0.0971
10.29	1.24	0.0496
10.295	1.21	0.00303
10.3	1.18	-0.0402
10.305	1.14	-0.0788
10.31	1.1	-0.114
10.315	1.05	-0.147
10.32	0.991	-0.182
10.325	0.928	-0.222
10.33	0.854	-0.267
10.335	0.762	-0.317
10.34	0.647	-0.37
10.345	0.51	-0.423
10.35	0.356	-0.472
10.355	0.201	-0.515
10.36	0.0592	-0.552
10.365	-0.0529	-0.584
10.37	-0.125	-0.613
10.375	-0.153	-0.638
10.38	-0.138	-0.658
10.385	-0.0868	-0.668
10.39	-0.00715	-0.659
10.395	0.0897	-0.626
10.4	0.192	-0.566
10.405	0.285	-0.484
10.41	0.357	-0.39
10.415	0.394	-0.299
10.42	0.388	-0.225
10.425	0.335	-0.177
10.43	0.235	-0.159
10.435	0.0949	-0.164
10.44	-0.0767	-0.184
10.445	-0.268	-0.209
10.45	-0.464	-0.232
10.455	-0.65	-0.248
10.46	-0.81	-0.259
10.465	-0.925	-0.265
10.47	-0.981	-0.266
10.475	-0.97	-0.259
10.48	-0.888	-0.241
10.485	-0.744	-0.211
10.49	-0.552	-0.169
10.495	-0.331	-0.121
10.5	-0.102	-0.0748
10.505	0.118	-0.0398
10.51	0.317	-0.0209
10.515	0.489	-0.0182
10.52	0.631	-0.0268
10.525	0.746	-0.0391
10.53	0.838	-0.0479
10.535	0.908	-0.0495
10.54	0.959	-0.0448
10.545	0.993	-0.0385
10.55	1.01	-0.036
10.555	1.02	-0.0411
10.56	1.01	-0.0535
10.565	1.01	-0.0696
10.57	1	-0.0844
10.575	1.01	-0.0937
10.58	1.03	-0.0967
10.585	1.07	-0.0963
10.59	1.11	-0.0972
10.595	1.16	-0.104
10.6	1.22	-0.12
10.605	1.27	-0.144
10.61	1.32	-0.174
10.615	1.36	-0.21
10.62	1.38	-0.25
10.625	1.38	-0.297
10.63	1.35	-0.352
10.635	1.28	-0.413
10.64	1.17	-0.471
10.645	1.01	-0.515
10.65	0.823	-0.53
10.655	0.623	-0.507
10.66	0.431	-0.445
10.665	0.267	-0.353
10.67	0.146	-0.247
10.675	0.0703	-0.146
10.68	0.0363	-0.0675
10.685	0.0335	-0.0178
10.69	0.0492	0.0039
10.695	0.0714	0.00525
10.7	0.0906	-0.00421
10.705	0.101	-0.017
10.71	0.0992	-0.0292
10.715	0.0849	-0.0396
10.72	0.0584	-0.0472
10.725	0.0209	-0.0491
10.73	-0.0266	-0.0407
10.735	-0.0838	-0.017
10.74	-0.151	0.0242
10.745	-0.229	0.081
10.75	-0.317	0.147
10.755	-0.415	0.214
10.76	-0.519	0.276
10.765	-0.622	0.328
10.77	-0.718	0.37
10.775	-0.802	0.404
10.78	-0.871	0.431
10.785	-0.926	0.45
10.79	-0.97	0.46
10.795	-1	0.463
10.8	-1.03	0.461
10.805	-1.04	0.463
10.81	-1.02	0.479
10.815	-0.982	0.518
10.82	-0.907	0.586
10.825	-0.802	0.679
10.83	-0.677	0.789
10.835	-0.544	0.906
10.84	-0.415	1.02
10.845	-0.299	1.11
10.85	-0.201	1.19
10.855	-0.119	1.25
10.86	-0.0481	1.29
10.865	0.0175	1.33
10.87	0.0832	1.35
10.875	0.152	1.38
10.88	0.225	1.4
10.885	0.3	1.42
10.89	0.376	1.44
10.895	0.447	1.45
10.9	0.508	1.46
10.905	0.552	1.46
10.91	0.573	1.44
10.915	0.564	1.43
10.92	0.524	1.42
10.925	0.453	1.41
10.93	0.353	1.41
10.935	0.229	1.41
10.94	0.0872	1.37
10.945	-0.0641	1.31
10.95	-0.218	1.19
10.955	-0.367	1.03
10.96	-0.506	0.845
10.965	-0.628	0.658
10.97	-0.731	0.494
10.975	-0.813	0.367
10.98	-0.874	0.279
10.985	-0.913	0.22
10.99	-0.931	0.173
10.995	-0.926	0.124
11	-0.898	0.0635
11.005	-0.847	-0.0071
11.01	-0.778	-0.082
11.015	-0.695	-0.154
11.02	-0.608	-0.217
11.025	-0.523	-0.273
11.03	-0.449	-0.325
11.035	-0.387	-0.374
11.04	-0.339	-0.423
11.045	-0.302	-0.467
11.05	-0.274	-0.5
11.055	-0.253	-0.518
11.06	-0.237	-0.519
11.065	-0.225	-0.504
11.07	-0.217	-0.478
11.075	-0.211	-0.444
11.08	-0.205	-0.406
11.085	-0.201	-0.366
11.09	-0.202	-0.322
11.095	-0.212	-0.276
11.1	-0.236	-0.23
11.105	-0.281	-0.187
11.11	-0.344	-0.15
11.115	-0.424	-0.121
11.12	-0.509	-0.0982
11.125	-0.591	-0.0805
11.13	-0.659	-0.0651
11.135	-0.707	-0.0502
11.14	-0.735	-0.0356
11.145	-0.743	-0.0221
11.15	-0.736	-0.0107
11.155	-0.717	-0.00219
11.16	-0.684	0.00298
11.165	-0.636	0.00461
11.17	-0.568	0.00259
11.175	-0.48	-0.00237
11.18	-0.371	-0.00758
11.185	-0.247	-0.00742
11.19	-0.111	0.00633
11.195	0.0287	0.0423
11.2	0.17	0.106
11.205	0.312	0.197
11.21	0.455	0.307
11.215	0.6	0.422
11.22	0.745	0.529
11.225	0.887	0.615
11.23	1.02	0.679
11.235	1.13	0.722
11.24	1.23	0.75
11.245	1.3	0.763
11.25	1.36	0.757
11.255	1.4	0.721
11.26	1.42	0.644
11.265	1.44	0.524
11.27	1.45	0.368
11.275	1.45	0.195
11.28	1.45	0.0271
11.285	1.44	-0.117
11.29	1.44	-0.232
11.295	1.44	-0.329
11.3	1.45	-0.427
11.305	1.45	-0.545
11.31	1.43	-0.69
11.315	1.39	-0.855
11.32	1.32	-1.02
11.325	1.21	-1.16
11.33	1.08	-1.25
11.335	0.932	-1.3
11.34	0.778	-1.32
11.345	0.625	-1.33
11.35	0.472	-1.35
11.355	0.317	-1.37
11.36	0.157	-1.39
11.365	-0.00683	-1.37
11.37	-0.168	-1.31
11.375	-0.315	-1.19
11.38	-0.435	-1.01
11.385	-0.519	-0.807
11.39	-0.565	-0.601
11.395	-0.577	-0.421
11.4	-0.566	-0.286
11.405	-0.546	-0.201
11.41	-0.53	-0.156
11.415	-0.524	-0.14
11.42	-0.531	-0.138
11.425	-0.549	-0.136
11.43	-0.572	-0.124
11.435	-0.599	-0.0933
11.44	-0.626	-0.0347
11.445	-0.654	0.0568
11.45	-0.684	0.181
11.455	-0.719	0.332
11.46	-0.759	0.494
11.465	-0.801	0.646
11.47	-0.844	0.771
11.475	-0.884	0.853
11.48	-0.921	0.89
11.485	-0.956	0.889
11.49	-0.992	0.866
11.495	-1.03	0.836
11.5	-1.09	0.808
11.505	-1.14	0.782
11.51	-1.2	0.747
11.515	-1.23	0.686
11.52	-1.22	0.583
11.525	-1.17	0.431
11.53	-1.05	0.236
11.535	-0.877	0.0176
11.54	-0.668	-0.196
11.545	-0.445	-0.378
11.55	-0.233	-0.512
11.555	-0.0479	-0.596
11.56	0.101	-0.645
11.565	0.218	-0.681
11.57	0.311	-0.724
11.575	0.39	-0.783
11.58	0.464	-0.846
11.585	0.535	-0.89
11.59	0.602	-0.884
11.595	0.663	-0.807
11.6	0.715	-0.657
11.605	0.759	-0.453
11.61	0.8	-0.233
11.615	0.838	-0.0369
11.62	0.876	0.103
11.625	0.91	0.176
11.63	0.939	0.19
11.635	0.956	0.17
11.64	0.963	0.141
11.645	0.961	0.12
11.65	0.953	0.111
11.655	0.944	0.105
11.66	0.936	0.0905
11.665	0.926	0.0615
11.67	0.907	0.0207
11.675	0.868	-0.0199
11.68	0.801	-0.0466
11.685	0.698	-0.0503
11.69	0.561	-0.0325
11.695	0.398	-0.00342
11.7	0.221	0.0233
11.705	0.047	0.0379
11.71	-0.109	0.0396
11.715	-0.238	0.036
11.72	-0.333	0.0382
11.725	-0.398	0.0538
11.73	-0.437	0.0826
11.735	-0.457	0.117
11.74	-0.462	0.148
11.745	-0.456	0.171
11.75	-0.44	0.19
11.755	-0.416	0.214
11.76	-0.385	0.253
11.765	-0.35	0.306
11.77	-0.317	0.356
11.775	-0.287	0.373
11.78	-0.262	0.329
11.785	-0.24	0.203
11.79	-0.221	-0.0000476
11.795	-0.203	-0.251
11.8	-0.188	-0.506
11.805	-0.181	-0.721
11.81	-0.186	-0.871
11.815	-0.206	-0.954
11.82	-0.243	-0.989
11.825	-0.292	-1.01
11.83	-0.35	-1.03
11.835	-0.412	-1.07
11.84	-0.477	-1.11
11.845	-0.543	-1.14
11.85	-0.609	-1.15
11.855	-0.675	-1.13
11.86	-0.738	-1.12
11.865	-0.794	-1.12
11.87	-0.84	-1.16
11.875	-0.875	-1.21
11.88	-0.899	-1.25
11.885	-0.912	-1.23
11.89	-0.911	-1.12
11.895	-0.889	-0.89
11.9	-0.837	-0.577
11.905	-0.745	-0.223
11.91	-0.61	0.113
11.915	-0.438	0.385
11.92	-0.246	0.569
11.925	-0.0575	0.671
11.93	0.105	0.716
11.935	0.225	0.733
11.94	0.297	0.746
11.945	0.327	0.764
11.95	0.328	0.784
11.955	0.314	0.798
11.96	0.296	0.8
11.965	0.279	0.792
11.97	0.262	0.781
11.975	0.245	0.775
11.98	0.226	0.777
11.985	0.208	0.788
11.99	0.195	0.803
11.995	0.189	0.814
12	0.191	0.817
12.005	0.203	0.807
12.01	0.221	0.781
12.015	0.245	0.734
12.02	0.269	0.663
12.025	0.291	0.566
12.03	0.304	0.447
12.035	0.299	0.317
12.04	0.27	0.192
12.045	0.212	0.0877
12.05	0.127	0.0149
12.055	0.0226	-0.0247
12.06	-0.0872	-0.039
12.065	-0.189	-0.0407
12.07	-0.274	-0.0423
12.075	-0.339	-0.0502
12.08	-0.386	-0.0633
12.085	-0.418	-0.0751
12.09	-0.437	-0.078
12.095	-0.44	-0.0684
12.1	-0.421	-0.0478
12.105	-0.372	-0.0223
12.11	-0.294	0.00107
12.115	-0.19	0.0172
12.12	-0.0754	0.0249
12.125	0.0348	0.0257
12.13	0.126	0.022
12.135	0.189	0.015
12.14	0.222	0.00405
12.145	0.229	-0.0123
12.15	0.216	-0.0346
12.155	0.186	-0.0609
12.16	0.142	-0.0872
12.165	0.0862	-0.109
12.17	0.0222	-0.122
12.175	-0.044	-0.125
12.18	-0.104	-0.12
12.185	-0.15	-0.108
12.19	-0.177	-0.0905
12.195	-0.184	-0.069
12.2	-0.175	-0.0426
12.205	-0.157	-0.0113
12.21	-0.133	0.024
12.215	-0.107	0.0603
12.22	-0.0778	0.0939
12.225	-0.0434	0.122
12.23	-0.00352	0.142
12.235	0.0395	0.156
12.24	0.0808	0.164
12.245	0.115	0.168
12.25	0.136	0.171
12.255	0.145	0.17
12.26	0.142	0.165
12.265	0.131	0.156
12.27	0.116	0.143
12.275	0.0996	0.128
12.28	0.0825	0.113
12.285	0.0647	0.0982
12.29	0.0468	0.0849
12.295	0.0301	0.071
12.3	0.0172	0.054
12.305	0.0107	0.0318
12.31	0.0122	0.00316
12.315	0.0212	-0.0315
12.32	0.0352	-0.0706
12.325	0.0507	-0.111
12.33	0.0649	-0.151
12.335	0.0767	-0.188
12.34	0.0875	-0.218
12.345	0.101	-0.239
12.35	0.124	-0.25
12.355	0.158	-0.25
12.36	0.206	-0.241
12.365	0.267	-0.225
12.37	0.335	-0.203
12.375	0.404	-0.179
12.38	0.465	-0.154
12.385	0.516	-0.127
12.39	0.555	-0.101
12.395	0.586	-0.0758
12.4	0.61	-0.0544
12.405	0.631	-0.04
12.41	0.645	-0.035
12.415	0.643	-0.0402
12.42	0.616	-0.0537
12.425	0.552	-0.0712
12.43	0.447	-0.0874
12.435	0.306	-0.0979
12.44	0.14	-0.101
12.445	-0.0358	-0.0981
12.45	-0.204	-0.0926
12.455	-0.352	-0.0887
12.46	-0.475	-0.0891
12.465	-0.573	-0.094
12.47	-0.649	-0.101
12.475	-0.705	-0.107
12.48	-0.741	-0.109
12.485	-0.753	-0.107
12.49	-0.739	-0.103
12.495	-0.697	-0.101
12.5	-0.632	-0.106
12.505	-0.552	-0.122
12.51	-0.471	-0.148
12.515	-0.398	-0.183
12.52	-0.342	-0.224
12.525	-0.306	-0.267
12.53	-0.289	-0.308
12.535	-0.286	-0.344
12.54	-0.296	-0.374
12.545	-0.314	-0.395
12.55	-0.336	-0.408
12.555	-0.358	-0.412
12.56	-0.373	-0.406
12.565	-0.372	-0.39
12.57	-0.347	-0.368
12.575	-0.297	-0.34
12.58	-0.225	-0.308
12.585	-0.139	-0.273
12.59	-0.0522	-0.234
12.595	0.0237	-0.19
12.6	0.0823	-0.144
12.605	0.124	-0.095
12.61	0.153	-0.0476
12.615	0.178	-0.00524
12.62	0.202	0.029
12.625	0.223	0.0543
12.63	0.235	0.0722
12.635	0.229	0.087
12.64	0.196	0.104
12.645	0.134	0.127
12.65	0.0516	0.158
12.655	-0.0408	0.198
12.66	-0.128	0.242
12.665	-0.198	0.286
12.67	-0.243	0.322
12.675	-0.263	0.349
12.68	-0.262	0.362
12.685	-0.247	0.362
12.69	-0.225	0.35
12.695	-0.2	0.331
12.7	-0.176	0.307
12.705	-0.156	0.282
12.71	-0.146	0.259
12.715	-0.149	0.238
12.72	-0.169	0.222
12.725	-0.208	0.209
12.73	-0.263	0.201
12.735	-0.329	0.195
12.74	-0.398	0.19
12.745	-0.46	0.188
12.75	-0.509	0.186
12.755	-0.539	0.186
12.76	-0.548	0.189
12.765	-0.535	0.195
12.77	-0.502	0.205
12.775	-0.454	0.219
12.78	-0.395	0.235
12.785	-0.334	0.25
12.79	-0.279	0.264
12.795	-0.235	0.273
12.8	-0.208	0.276
12.805	-0.196	0.272
12.81	-0.193	0.263
12.815	-0.19	0.253
12.82	-0.177	0.246
12.825	-0.147	0.248
12.83	-0.099	0.263
12.835	-0.0357	0.293
12.84	0.0341	0.339
12.845	0.1	0.399
12.85	0.154	0.468
12.855	0.19	0.542
12.86	0.206	0.617
12.865	0.206	0.688
12.87	0.192	0.755
12.875	0.169	0.814
12.88	0.136	0.867
12.885	0.0949	0.914
12.89	0.0441	0.957
12.895	-0.0164	0.997
12.9	-0.0847	1.03
12.905	-0.157	1.07
12.91	-0.229	1.09
12.915	-0.297	1.11
12.92	-0.36	1.11
12.925	-0.419	1.11
12.93	-0.477	1.11
12.935	-0.537	1.1
12.94	-0.601	1.09
12.945	-0.666	1.08
12.95	-0.726	1.08
12.955	-0.776	1.06
12.96	-0.81	1.05
12.965	-0.83	1.02
12.97	-0.838	1
12.975	-0.84	0.987
12.98	-0.841	0.977
12.985	-0.838	0.968
12.99	-0.826	0.948
12.995	-0.793	0.902
13	-0.73	0.821
13.005	-0.633	0.704
13.01	-0.508	0.561
13.015	-0.369	0.412
13.02	-0.236	0.276
13.025	-0.126	0.171
13.03	-0.0517	0.1
13.035	-0.0124	0.0603
13.04	0.00077	0.0382
13.045	0.00184	0.0212
13.05	0.00362	0.00108
13.055	0.0125	-0.0246
13.06	0.0264	-0.0538
13.065	0.0368	-0.0845
13.07	0.0327	-0.118
13.075	0.0058	-0.158
13.08	-0.0463	-0.211
13.085	-0.119	-0.278
13.09	-0.204	-0.358
13.095	-0.291	-0.441
13.1	-0.37	-0.519
13.105	-0.435	-0.583
13.11	-0.485	-0.634
13.115	-0.521	-0.674
13.12	-0.543	-0.709
13.125	-0.554	-0.742
13.13	-0.556	-0.772
13.135	-0.551	-0.793
13.14	-0.541	-0.801
13.145	-0.529	-0.798
13.15	-0.517	-0.789
13.155	-0.505	-0.786
13.16	-0.493	-0.793
13.165	-0.477	-0.81
13.17	-0.456	-0.819
13.175	-0.427	-0.799
13.18	-0.391	-0.729
13.185	-0.346	-0.597
13.19	-0.296	-0.411
13.195	-0.242	-0.194
13.2	-0.184	0.0192
13.205	-0.122	0.199
13.21	-0.0557	0.328
13.215	0.0171	0.405
13.22	0.0959	0.442
13.225	0.178	0.459
13.23	0.261	0.472
13.235	0.338	0.488
13.24	0.405	0.508
13.245	0.459	0.524
13.25	0.501	0.53
13.255	0.532	0.522
13.26	0.555	0.5
13.265	0.572	0.463
13.27	0.58	0.407
13.275	0.572	0.323
13.28	0.538	0.201
13.285	0.469	0.0373
13.29	0.358	-0.165
13.295	0.209	-0.386
13.3	0.0325	-0.599
13.305	-0.154	-0.771
13.31	-0.33	-0.874
13.315	-0.475	-0.892
13.32	-0.576	-0.826
13.325	-0.629	-0.692
13.33	-0.634	-0.516
13.335	-0.6	-0.328
13.34	-0.535	-0.153
13.345	-0.447	-0.00825
13.35	-0.342	0.0989
13.355	-0.226	0.17
13.36	-0.105	0.214
13.365	0.0152	0.24
13.37	0.125	0.255
13.375	0.219	0.265
13.38	0.291	0.272
13.385	0.342	0.274
13.39	0.375	0.269
13.395	0.395	0.257
13.4	0.409	0.238
13.405	0.421	0.216
13.41	0.432	0.194
13.415	0.444	0.175
13.42	0.453	0.161
13.425	0.46	0.151
13.43	0.464	0.143
13.435	0.468	0.134
13.44	0.473	0.122
13.445	0.482	0.107
13.45	0.496	0.0899
13.455	0.514	0.0722
13.46	0.537	0.0551
13.465	0.563	0.0394
13.47	0.591	0.0253
13.475	0.623	0.0126
13.48	0.658	0.000974
13.485	0.695	-0.00982
13.49	0.732	-0.02
13.495	0.769	-0.0302
13.5	0.802	-0.041
13.505	0.82997725	-0.053398536
13.51	0.85390635	-0.068492488
13.515	0.87178486	-0.08687856
13.52	0.88761054	-0.10895219
13.525	0.90138192	-0.13490749
13.53	0.91509624	-0.16483721
13.535	0.92974989	-0.19773413
13.54	0.94633762	-0.23259142
13.545	0.96285865	-0.26940087
13.55	0.97931025	-0.30715637
13.555	0.99170295	-0.34585017
13.56	0.99605735	-0.38547419
13.565	0.99537392	-0.42801079
13.57	0.98568444	-0.47444145
13.575	0.96999191	-0.52474972
13.58	0.9532781	-0.57494585
13.585	0.93852452	-0.62402952
13.59	0.92671929	-0.6680308
13.595	0.91686555	-0.7039864
13.6	0.90104623	-0.73191461
13.605	0.87137929	-0.75381224
13.61	0.81706167	-0.77265614
13.615	0.73523309	-0.78943928
13.62	0.62699374	-0.8061348
13.625	0.50131109	-0.81684218
13.63	0.37201931	-0.81765721
13.635	0.25091759	-0.80470056
13.64	0.1507136	-0.77509852
13.645	0.074261132	-0.73088588
13.65	0.020486093	-0.67506555
13.655	-0.015679536	-0.61549482
13.66	-0.039762497	-0.55511945
13.665	-0.055703278	-0.49880636
13.67	-0.064802083	-0.44848078
13.675	-0.06719192	-0.40411831
13.68	-0.063586135	-0.36858731
13.685	-0.057005769	-0.34184203
13.69	-0.052755144	-0.32767767
13.695	-0.056381986	-0.32505941
13.7	-0.071757955	-0.33295691
13.705	-0.09832566	-0.34843559
13.71	-0.13333789	-0.36763162
13.715	-0.17102869	-0.38671487
13.72	-0.20473687	-0.40473446
13.725	-0.23353931	-0.42169445
13.73	-0.25746679	-0.43854233
13.735	-0.27843291	-0.45527544
13.74	-0.29645646	-0.47001482
13.745	-0.31062149	-0.47996634
13.75	-0.31815733	-0.48236757
13.755	-0.31353503	-0.4782107
13.76	-0.29685828	-0.46940716
13.765	-0.26823444	-0.45877339
13.77	-0.23330748	-0.44817169
13.775	-0.19949576	-0.43944227
13.78	-0.1722946	-0.42890357
13.785	-0.15438831	-0.40926605
13.79	-0.14569194	-0.37788846
13.795	-0.14430266	-0.33035326
13.8	-0.14743489	-0.27044804
13.805	-0.15594371	-0.20191556
13.81	-0.16977208	-0.12755362
13.815	-0.18617612	-0.049766309
13.82	-0.20334105	0.031838928
13.825	-0.21148037	0.11906878
13.83	-0.20272377	0.21246159
13.835	-0.17108821	0.30866431
13.84	-0.11332618	0.40059487
13.845	-0.03640231	0.48040549
13.85	0.050986986	0.54473276
13.855	0.13715167	0.59287716
13.86	0.21525659	0.63020906
13.865	0.27978604	0.66287769
13.87	0.3326077	0.69436144
13.875	0.37300283	0.71698485
13.88	0.40027072	0.71725793
13.885	0.4078065	0.67939548
13.89	0.38828811	0.59043376
13.895	0.33369832	0.45191807
13.9	0.24703133	0.27791025
13.905	0.13456626	0.09386412
13.91	0.012400655	-0.070105034
13.915	-0.10284111	-0.19251855
13.92	-0.19730959	-0.26362526
13.925	-0.26639388	-0.29083369
13.93	-0.3104498	-0.28937488
13.935	-0.33467821	-0.27580711
13.94	-0.34338421	-0.26395655
13.945	-0.33440911	-0.2569922
13.95	-0.30564866	-0.25166396
13.955	-0.25189535	-0.24399894
13.96	-0.17277849	-0.23010954
13.965	-0.076229669	-0.21244334
13.97	0.024465917	-0.19805742
13.975	0.11353097	-0.19076292
13.98	0.17738799	-0.19197835
13.985	0.21224686	-0.19621382
13.99	0.22239096	-0.19506647
13.995	0.21805648	-0.18183949
14	0.21225	-0.15225
14.005	0.21319924	-0.11032688
14.01	0.22448568	-0.064752636
14.015	0.24370715	-0.022971792
14.02	0.26485658	0.009511424
14.025	0.28352815	0.032714786
14.03	0.29759485	0.050634463
14.035	0.30857469	0.067671146
14.04	0.31723589	0.084833868
14.045	0.32574458	0.099139655
14.05	0.33128648	0.10058167
14.055	0.33321977	0.082431726
14.06	0.32814744	0.0378098
14.065	0.31552554	-0.032034798
14.07	0.29619897	-0.1197109
14.075	0.27303196	-0.21462214
14.08	0.24881154	-0.30342871
14.085	0.22490797	-0.37752409
14.09	0.2013233	-0.43254609
14.095	0.17542159	-0.46889003
14.1	0.14726441	-0.49022686
14.105	0.11561463	-0.50207927
14.11	0.081853519	-0.50981208
14.115	0.049113258	-0.51543342
14.12	0.018526229	-0.52089159
14.125	-0.008622911	-0.5224099
14.13	-0.032528372	-0.51570892
14.135	-0.053752352	-0.49417485
14.14	-0.071858526	-0.45141894
14.145	-0.085879099	-0.38371512
14.15	-0.0930092	-0.29291859
14.155	-0.089824301	-0.18563689
14.16	-0.074805023	-0.07243026
14.165	-0.048495891	0.032722956
14.17	-0.01382621	0.1195938
14.175	0.02416948	0.18213843
14.18	0.060169359	0.22004794
14.185	0.090857246	0.23736455
14.19	0.11365866	0.24250931
14.195	0.12989018	0.24138389
14.2	0.13972285	0.23802588
14.205	0.14606346	0.23195096
14.21	0.14792203	0.22161212
14.215	0.14488716	0.2049885
14.22	0.1349744	0.18173718
14.225	0.11680929	0.15364105
14.23	0.089601306	0.12502508
14.235	0.056211886	0.099015433
14.24	0.020367801	0.077081153
14.245	-0.013590845	0.058607363
14.25	-0.0418	0.04135
14.255	-0.062340278	0.021472762
14.26	-0.075387434	-0.003534398
14.265	-0.083298675	-0.034530206
14.27	-0.087668378	-0.070422139
14.275	-0.091923412	-0.10898137
14.28	-0.095595367	-0.14714189
14.285	-0.099163513	-0.18257208
14.29	-0.1012536	-0.21487755
14.295	-0.10145987	-0.24277897
14.3	-0.098949605	-0.26595505
14.305	-0.094701725	-0.28454771
14.31	-0.088778677	-0.2973867
14.315	-0.081242736	-0.30336383
14.32	-0.070021192	-0.30228661
14.325	-0.053144629	-0.29440437
14.33	-0.028829801	-0.2799657
14.335	0.004402597	-0.26127559
14.34	0.045912956	-0.23890989
14.345	0.093874091	-0.21502783
14.35	0.14416007	-0.19089328
14.355	0.19350955	-0.16692642
14.36	0.23843958	-0.14468421
14.365	0.27679309	-0.12449978
14.37	0.30766149	-0.107813
14.375	0.33056671	-0.095241753
14.38	0.34580092	-0.087364081
14.385	0.35293385	-0.083637032
14.39	0.35299571	-0.08318328
14.395	0.34627385	-0.085166544
14.4	0.33409028	-0.088445825
14.405	0.318046	-0.090918932
14.41	0.29966104	-0.092616403
14.415	0.28037512	-0.091584798
14.42	0.2608969	-0.087291346
14.425	0.2402912	-0.07827911
14.43	0.21831297	-0.063503482
14.435	0.19411367	-0.042617906
14.44	0.16812697	-0.016261461
14.445	0.14076597	0.013142176
14.45	0.1133133	0.042714962
14.455	0.087266022	0.069462586
14.46	0.063164278	0.091013982
14.465	0.040663361	0.10617655
14.47	0.018993477	0.11551588
14.475	-0.002730048	0.1209411
14.48	-0.02509091	0.12371026
14.485	-0.047734156	0.12526919
14.49	-0.069445008	0.12567473
14.495	-0.088837295	0.12447403
14.5	-0.10425	0.1205
14.505	-0.11488431	0.11390239
14.51	-0.12025226	0.10507011
14.515	-0.12133584	0.095554929
14.52	-0.11906043	0.086800389
14.525	-0.11452328	0.079688169
14.53	-0.10830255	0.07346709
14.535	-0.10072082	0.066344368
14.54	-0.091652653	0.056451166
14.545	-0.081198734	0.041651164
14.55	-0.0698704	0.021641274
14.555	-0.058345506	-0.002240952
14.56	-0.047843507	-0.027480362
14.565	-0.038902841	-0.050709176
14.57	-0.032391865	-0.069329956
14.575	-0.02835699	-0.081920194
14.58	-0.026105473	-0.087743394
14.585	-0.025349775	-0.08739468
14.59	-0.025473586	-0.081966027
14.595	-0.025570954	-0.072309917
14.6	-0.025642378	-0.059060187
14.605	-0.02568836	-0.043460182
14.61	-0.025393958	-0.026340317
14.615	-0.024782475	-0.009235705
14.62	-0.024177101	0.006502289
14.625	-0.023431458	0.019477399
14.63	-0.022699422	0.028838259
14.635	-0.022398302	0.034501732
14.64	-0.022766635	0.036995782
14.645	-0.024015165	0.036946408
14.65	-0.0260708	0.035189159
14.655	-0.028862171	0.032485561
14.66	-0.032319658	0.029160593
14.665	-0.036139208	0.025628131
14.67	-0.040160183	0.022030729
14.675	-0.044347954	0.018942593
14.68	-0.048668972	0.016763757
14.685	-0.052985859	0.015633452
14.69	-0.057073358	0.015667196
14.695	-0.060436444	0.016464741
14.7	-0.0629289	0.017665928
14.705	-0.064243091	0.019041837
14.71	-0.064565136	0.020299565
14.715	-0.064066647	0.021614928
14.72	-0.063155771	0.023056869
14.725	-0.061789172	0.024602738
14.73	-0.059855913	0.026152909
14.735	-0.056815616	0.027094369
14.74	-0.051996548	0.026902248
14.745	-0.045119583	0.025066435
14.75	-0.036307116	0.021368948
14.755	-0.026529955	0.016162667
14.76	-0.017069678	0.010019159
14.765	-0.009317679	0.003816094
14.77	-0.004278745	-0.001724016
14.775	-0.00217442	-0.006049138
14.78	-0.002513347	-0.008916645
14.785	-0.004236452	-0.01051637
14.79	-0.006138655	-0.011135235
14.795	-0.007306493	-0.011163959
14.8	-0.007348636	-0.010979727
14.805	-0.006291771	-0.010815267
14.81	-0.004531937	-0.010704748
14.815	-0.002501868	-0.010637571
14.82	-0.000349713	-0.010533527
14.825	0.001906242	-0.010361453
14.83	0.004358902	-0.010034882
14.835	0.007005629	-0.009665994
14.84	0.0096507	-0.009289146
14.845	0.011961034	-0.009009949
14.85	0.01348393	-0.008883242
14.855	0.014025339	-0.008923136
14.86	0.01359374	-0.009005586
14.865	0.012428076	-0.009033187
14.87	0.010959136	-0.008877821
14.875	0.009557806	-0.008450395
14.88	0.008435421	-0.007712834
14.885	0.007577252	-0.00671128
14.89	0.006895906	-0.005561641
14.895	0.006237559	-0.004359066
14.9	0.005550509	-0.00319045
14.905	0.004853291	-0.002130713
14.91	0.004224491	-0.001213323
14.915	0.003729837	-0.000460698
14.92	0.003353949	0.000128836
14.925	0.003016357	0.000547253
14.93	0.002628278	0.000793847
14.935	0.002132623	0.000883581
14.94	0.001549461	0.000835842
14.945	0.00097089	0.00069586
14.95	0.000498508	0.000660112
14.955	0.000202596	-6.56829E-15
14.96	8.29439E-05	4.50668E-14
14.965	8.52653E-05	-3.4509E-14
14.97	-6.91632E-06	2.92044E-15
14.975	6.30414E-06	1.35676E-14
14.98	-9.12257E-16	-8.68398E-15
14.985	-8.90659E-16	-7.30291E-16
14.99	1.01873E-15	2.81822E-15
14.995	-3.12535E-16	-6.22328E-16
15	0	0
